Rotation(1);
Clear(0)
//top
Rectangle(0,0,320,40,0);
Rectangle(0,35,320,40,65535);
Rectangle(187,0,192,35,65535);
Text(Acetone:,5,10,2,65535)
UpdateText(X,102,10,2,3,0,65535)
Text(X,102,10,2,65535)
UpdateText(Y,145,10,2,3,0,65535)
Text(Y,145,10,2,65535)
Text(TEMP:,200,10,2,65535)
UpdateText(T.,260,10,2,2,0,65535)
Text(T.,260,10,2,65535)
Text(C,290,10,2,65535)


//control
RoundRect(10,142,80,230,10,1247)
Rectangle(20,163,70,168,65535);
Rectangle(20,183,70,188,65535);
Rectangle(20,203,70,208,65535);

//Button(Run(contro.txt),10,142,80,230)
Button(Run(settin.txt),10,142,80,230)

//light
RoundRect(10,50,80,132,10,63395)
Button(Run(light.txt),10,50,80,132)

//Bulb outline
Circle(45,85,19,0)

//Neck of bulb
Rectangle(35,100,55,108,0)
Circle(45,85,15,63395)

//Bulb base
RoundRect(35,100,55,125,3,0)

//Screw ridges
Line(30,112,60,112,63395)
Line(30,116,60,116,63395)
Line(30,120,60,120,63395)

//Filament (zig-zag)
Line(35,85,40,90,0)
Line(40,90,45,85,0)
Line(45,85,50,90,0)
Line(50,90,55,85,0)

//settings
RoundRect(240,142,310,230,10,64576)

Button(Run(settin.txt),240,142,310,230,10)

Circle(275,186,20,0)

Rectangle(270,156,280,216,2,0);
Rectangle(245,181,305,191,2,0);

//diangle
Line(250,204,293,161,0)
Line(251,204,294,161,0)
Line(251,205,294,162,0)
Line(252,205,295,162,0)
Line(252,206,295,163,0)
Line(253,206,296,163,0)
Line(253,207,296,164,0)
Line(254,207,297,164,0)
Line(254,208,297,165,0)
Line(255,208,298,165,0)
Line(255,209,298,166,0)
Line(256,209,299,166,0)
Line(256,210,299,167,0)


Line(251,167,294,210,0)
Line(250,167,293,210,0)
Line(251,166,294,209,0)
Line(252,166,295,209,0)
Line(252,165,295,208,0)
Line(253,165,296,208,0)
Line(253,164,296,207,0)
Line(254,164,297,207,0)
Line(254,163,297,206,0)
Line(255,163,298,206,0)
Line(255,162,298,205,0)
Line(256,162,299,205,0)
Line(256,161,299,204,0)


Circle(275,186,12,64576)

//stop
RoundRect(240,50,310,132,10,63488)
Text(STOP,253,84,2,65535)
Line(260,60,290,60,65535)
Line(260,120,290,120,65535)
Line(245,78,245,102,65535)
Line(305,78,305,102,65535)

Line(260,60,245,78,65535)
Line(290,60,305,78,65535)
Line(290,120,305,102,65535)
Line(245,102,260,120,65535)
Button(Run(estop.txt),240,50,310,132)


//smooth
RoundRect(90,50,230,230,10,1984)
Text(SMOOTH,106,125,3,0);
Button(Run(smooth.txt),90,50,230,230);

Save(begin.txt)
